WebServer,Our
0,0
0.2379,0.11843
0.2389,0.1189
0.2366,0.11289
0.2379,0.11871
0.2379,0.11867
0,0.00004
0.2351,0.13082
0.2351,0.13067
0.2379,0.11866
0.2342,0.13455
0.2379,0.12685
0.2326,0.13635
0.2371,0.11301
0.2369,0.12793
0.2369,0.11842
0.2342,0.11838
0.2366,0.12006
0.2364,0.13566
0.2345,0.12006
0.2353,0.12248
0.2356,0.13602
0.2394,0.1165
0.2364,0.12541
0.2364,0.11948
0.2352,0.12216
0.2361,0.11883
0.2351,0.11743
0.2379,0.11833
0,0
0.0009,0.00017
0.0328,0.02888
0.0002,0.00021
0.0001,0.0001
0.2376,0.11833
0.0215,0.01766
0.0214,0.01768
0.0008,0.00017
0.0292,0.02442
0.0008,0.00016
0.0203,0.01678
0.0226,0.01823
0.0002,0.00013
0.0002,0.00018
0.0292,0.02446
0.0224,0.01799
0.0177,0.01527
0.0225,0.0178
0.0202,0.01578
0.0224,0.01775
0.0212,0.01656
0.0177,0.01525
0.0177,0.01522
0.0217,0.01714
0.0197,0.01704
0.0295,0.02549
0.2389,0.11864
0.0009,0.00017
0,0
0.0328,0.02886
0.0011,0.00018
0.0011,0.00013
0.2386,0.1184
0.0215,0.01764
0.0214,0.01767
0.0018,0.00024
0.0292,0.02441
0.0018,0.00016
0.0203,0.01685
0.0226,0.01824
0.0002,0.00024
0.0002,0.0002
0.0292,0.02438
0.0225,0.01814
0.0179,0.01527
0.0226,0.01779
0.0202,0.01582
0.0224,0.01782
0.0213,0.01655
0.0179,0.01527
0.0178,0.01531
0.0218,0.01715
0.0197,0.01705
0.0294,0.02538
0.2366,0.11296
0.0328,0.02895
0.0328,0.02885
0,0
0.0328,0.02891
0.0328,0.02885
0.2363,0.11267
0.0327,0.02902
0.0326,0.029
0.0328,0.02896
0.0346,0.0309
0.0328,0.02896
0.033,0.02917
0.0313,0.02787
0.0326,0.02902
0.0327,0.029
0.0348,0.03078
0.0326,0.02868
0.0323,0.02905
0.0324,0.02862
0.0326,0.02939
0.0326,0.02869
0.0337,0.02969
0.0324,0.02898
0.0323,0.029
0.0332,0.02954
0.0317,0.02871
0.0347,0.03137
0.2379,0.11841
0.0002,0.00021
0.0011,0.00018
0.0328,0.02883
0,0
0.0001,0.00019
0.2376,0.1184
0.0216,0.0177
0.0218,0.01772
0.0006,0.00025
0.0292,0.02441
0.0006,0.00022
0.0203,0.01673
0.0229,0.01824
0.0002,0.00018
0.0002,0.0002
0.0292,0.02444
0.0225,0.018
0.018,0.01531
0.0226,0.01782
0.0202,0.01577
0.0224,0.01777
0.0209,0.01654
0.0179,0.01532
0.0178,0.01521
0.0219,0.01714
0.0197,0.017
0.0295,0.02543
0.2379,0.1184
0.0001,0.0001
0.0011,0.00013
0.0328,0.02886
0.0001,0.00019
0,0
0.2376,0.1184
0.0215,0.01768
0.0214,0.01771
0.0006,0.00025
0.0291,0.02442
0.0006,0.00014
0.0203,0.01678
0.0226,0.01823
0.0002,0.00019
0.0002,0.00024
0.0292,0.02445
0.0224,0.01808
0.0179,0.01532
0.0225,0.0178
0.0202,0.01577
0.0224,0.01781
0.0213,0.01645
0.0179,0.0153
0.0178,0.01527
0.0218,0.01716
0.0196,0.01704
0.0294,0.02545
0,0.00004
0.2376,0.11866
0.2386,0.1189
0.2363,0.11289
0.2376,0.11894
0.2376,0.1189
0,0
0.2348,0.13082
0.2347,0.13067
0.2376,0.11866
0.2338,0.13455
0.2376,0.12713
0.2322,0.13635
0.2368,0.11357
0.2366,0.12793
0.2366,0.11865
0.2338,0.11867
0.2362,0.12006
0.2361,0.13566
0.2341,0.12006
0.2349,0.12248
0.2352,0.13602
0.2389,0.11679
0.2361,0.12541
0.2361,0.11948
0.2348,0.12216
0.2357,0.11883
0.2347,0.11743
0.2351,0.11393
0.0215,0.01766
0.0215,0.01764
0.0327,0.02901
0.0216,0.01769
0.0215,0.01766
0.2348,0.11361
0,0
0.0001,0.00008
0.0216,0.01767
0.0272,0.02416
0.0215,0.01769
0.0219,0.01921
0.0086,0.00675
0.0212,0.01767
0.0213,0.01775
0.0273,0.02416
0.0201,0.01648
0.0218,0.01812
0.02,0.01648
0.0213,0.0182
0.0201,0.01656
0.0221,0.01824
0.0219,0.01803
0.0217,0.01803
0.0224,0.01889
0.0211,0.01781
0.0281,0.02514
0.2351,0.11386
0.0214,0.01768
0.0214,0.01764
0.0326,0.02899
0.0218,0.01772
0.0214,0.01769
0.2347,0.11354
0.0001,0.00008
0,0
0.0218,0.01767
0.0273,0.02416
0.0214,0.01769
0.0221,0.01916
0.0086,0.00675
0.0211,0.01767
0.0216,0.01778
0.0273,0.02414
0.0197,0.0164
0.0221,0.0181
0.0196,0.01645
0.0215,0.01817
0.0197,0.01653
0.022,0.01823
0.0221,0.018
0.022,0.01807
0.0228,0.01889
0.021,0.01781
0.0285,0.02514
0.2379,0.11864
0.0008,0.00017
0.0018,0.00024
0.0328,0.02888
0.0006,0.00025
0.0006,0.00025
0.2376,0.1184
0.0216,0.01769
0.0218,0.01769
0,0
0.0291,0.02443
0.0003,0.00021
0.0204,0.0167
0.0229,0.01823
0.0002,0.00016
0.0002,0.00019
0.0291,0.02447
0.0225,0.01798
0.0178,0.01531
0.0226,0.01778
0.0203,0.01583
0.0224,0.01773
0.021,0.01661
0.0178,0.01525
0.0177,0.01528
0.0217,0.01707
0.0196,0.017
0.0295,0.02546
0.2342,0.11874
0.0292,0.02441
0.0292,0.0244
0.0346,0.03091
0.0292,0.02441
0.0291,0.02438
0.2338,0.1184
0.0272,0.0242
0.0273,0.0242
0.0291,0.02445
0,0
0.0291,0.02446
0.0277,0.02451
0.0275,0.02396
0.029,0.02453
0.029,0.02456
0.003,0.00005
0.0292,0.02563
0.0271,0.0232
0.0292,0.02557
0.027,0.02402
0.0293,0.02562
0.0275,0.02421
0.0272,0.0232
0.0271,0.02319
0.0263,0.02326
0.0274,0.0238
0.0186,0.01574
0.2379,0.11833
0.0008,0.00016
0.0018,0.00016
0.0328,0.02884
0.0006,0.00022
0.0006,0.00014
0.2376,0.11833
0.0215,0.0177
0.0214,0.01769
0.0003,0.00021
0.0291,0.02444
0,0
0.0203,0.01668
0.0226,0.01824
0.0002,0.00018
0.0003,0.0003
0.0292,0.02441
0.0225,0.0181
0.0178,0.01528
0.0226,0.01784
0.0202,0.01576
0.0224,0.01786
0.0213,0.01648
0.0178,0.01531
0.0178,0.01537
0.0218,0.01718
0.0196,0.01703
0.0293,0.02551
0.2326,0.12154
0.0203,0.0168
0.0203,0.01683
0.033,0.0291
0.0203,0.01672
0.0203,0.01676
0.2322,0.12127
0.0219,0.01925
0.0221,0.0192
0.0204,0.01667
0.0277,0.02446
0.0203,0.01674
0,0.00001
0.0229,0.0196
0.0201,0.01665
0.0202,0.01685
0.0278,0.02445
0.0217,0.01777
0.0191,0.01583
0.022,0.01773
0.0197,0.01713
0.0213,0.01766
0.0196,0.0156
0.0191,0.01594
0.0191,0.01585
0.0215,0.01705
0.0201,0.01765
0.0306,0.02544
0.2371,0.11269
0.0226,0.01821
0.0226,0.01823
0.0313,0.02787
0.0229,0.01823
0.0226,0.01821
0.2368,0.11292
0.0086,0.00664
0.0086,0.00662
0.0229,0.01822
0.0275,0.02397
0.0226,0.01822
0.0229,0.01957
0,0
0.0223,0.01816
0.0226,0.01822
0.0276,0.02418
0.0208,0.01697
0.0218,0.01828
0.0203,0.01693
0.0222,0.01833
0.0207,0.01684
0.0224,0.0189
0.0219,0.01823
0.0219,0.01823
0.0224,0.01892
0.0216,0.01759
0.0285,0.02523
0.2369,0.11867
0.0002,0.00013
0.0002,0.00024
0.0326,0.0289
0.0002,0.00018
0.0002,0.00019
0.2366,0.11844
0.0212,0.01767
0.0211,0.01766
0.0002,0.00016
0.029,0.02452
0.0002,0.00018
0.0201,0.01673
0.0223,0.01818
0,0
0.0002,0.0003
0.0291,0.02456
0.0223,0.01818
0.0174,0.01525
0.0224,0.01817
0.02,0.01576
0.0222,0.01817
0.021,0.01658
0.0174,0.01526
0.0174,0.01522
0.0215,0.01709
0.0195,0.01699
0.0292,0.02549
0.2369,0.11842
0.0002,0.00018
0.0002,0.0002
0.0327,0.02895
0.0002,0.0002
0.0002,0.00024
0.2366,0.11841
0.0213,0.01774
0.0216,0.01777
0.0002,0.00019
0.029,0.02452
0.0003,0.0003
0.0202,0.01682
0.0226,0.01823
0.0002,0.00031
0,0
0.029,0.02456
0.0224,0.0181
0.0175,0.01529
0.0224,0.01805
0.02,0.01577
0.0222,0.01805
0.0208,0.01655
0.0175,0.01532
0.0173,0.01522
0.0216,0.01706
0.0195,0.01698
0.0292,0.02548
0.2342,0.11846
0.0292,0.02442
0.0292,0.02439
0.0348,0.03088
0.0292,0.02441
0.0292,0.02438
0.2338,0.1184
0.0273,0.02419
0.0273,0.0242
0.0291,0.02445
0.003,0.00005
0.0292,0.02446
0.0278,0.02451
0.0276,0.02396
0.0291,0.02453
0.029,0.02456
0,0
0.0293,0.02564
0.0271,0.02322
0.0292,0.02557
0.0271,0.02401
0.0293,0.02563
0.0275,0.02422
0.0273,0.02323
0.0271,0.02322
0.0264,0.02326
0.0275,0.0238
0.0186,0.01572
0.2366,0.11995
0.0224,0.01794
0.0225,0.01793
0.0326,0.02873
0.0225,0.01795
0.0224,0.01807
0.2362,0.11969
0.0201,0.01652
0.0197,0.01647
0.0225,0.01793
0.0292,0.02528
0.0225,0.01806
0.0217,0.01775
0.0208,0.01692
0.0223,0.01809
0.0224,0.01786
0.0293,0.02562
0,0
0.0224,0.01792
0.002,0.00025
0.0235,0.01824
0.0006,0.0003
0.0228,0.01951
0.0224,0.01794
0.0223,0.01792
0.023,0.01907
0.0217,0.01728
0.0293,0.0266
0.2364,0.11927
0.0177,0.0152
0.0179,0.01521
0.0323,0.02908
0.018,0.01524
0.0179,0.01527
0.2361,0.11898
0.0218,0.0182
0.0221,0.01817
0.0178,0.01526
0.0271,0.02313
0.0178,0.01523
0.0191,0.01567
0.0218,0.01836
0.0174,0.01517
0.0175,0.01526
0.0271,0.02309
0.0224,0.01784
0,0
0.0228,0.01796
0.0196,0.01601
0.0224,0.01794
0.0175,0.01473
0.0001,0.00011
0.0002,0.00021
0.021,0.01677
0.0196,0.01567
0.0283,0.02507
0.2345,0.12004
0.0225,0.01797
0.0226,0.01788
0.0324,0.02863
0.0226,0.01797
0.0225,0.01798
0.2341,0.11977
0.02,0.01651
0.0196,0.01647
0.0226,0.018
0.0292,0.02525
0.0226,0.01798
0.022,0.01769
0.0203,0.01691
0.0224,0.01831
0.0224,0.01807
0.0292,0.02559
0.002,0.00023
0.0228,0.01796
0,0
0.024,0.01823
0.001,0.00032
0.0227,0.01948
0.0228,0.018
0.0227,0.01795
0.0228,0.01898
0.0217,0.01729
0.0292,0.02664
0.2353,0.12246
0.0202,0.01574
0.0202,0.01576
0.0326,0.02934
0.0202,0.01575
0.0202,0.01562
0.2349,0.12218
0.0213,0.01815
0.0215,0.01816
0.0203,0.01579
0.027,0.02401
0.0202,0.01571
0.0197,0.0171
0.0222,0.01832
0.02,0.01574
0.02,0.01586
0.0271,0.02395
0.0235,0.01815
0.0196,0.01598
0.024,0.01816
0,0
0.0234,0.01816
0.0195,0.01606
0.0196,0.01601
0.0195,0.01603
0.0214,0.01721
0.0191,0.0158
0.0293,0.02534
0.2356,0.12004
0.0224,0.01794
0.0224,0.01784
0.0326,0.02871
0.0224,0.0179
0.0224,0.01801
0.2352,0.11977
0.0201,0.01656
0.0197,0.01659
0.0224,0.01791
0.0293,0.02527
0.0224,0.01802
0.0213,0.0177
0.0207,0.0169
0.0222,0.01832
0.0222,0.01803
0.0293,0.02562
0.0006,0.0003
0.0224,0.01803
0.001,0.00032
0.0234,0.01825
0,0
0.0227,0.01952
0.0223,0.01799
0.0222,0.018
0.0229,0.01898
0.0218,0.01728
0.0293,0.02662
0.2394,0.11632
0.0212,0.01654
0.0213,0.01659
0.0337,0.02973
0.0209,0.01632
0.0213,0.01622
0.2389,0.11631
0.0221,0.01819
0.022,0.0182
0.021,0.01639
0.0275,0.02414
0.0213,0.01645
0.0196,0.0156
0.0224,0.01888
0.021,0.01651
0.0208,0.01629
0.0275,0.02416
0.0228,0.01953
0.0175,0.01462
0.0227,0.01955
0.0195,0.01603
0.0227,0.01956
0,0.00003
0.0176,0.01437
0.0175,0.01443
0.0208,0.01727
0.0207,0.0164
0.0284,0.02486
0.2364,0.1203
0.0177,0.01518
0.0179,0.01519
0.0324,0.02901
0.0179,0.01526
0.0179,0.01526
0.2361,0.12
0.0219,0.0181
0.0221,0.01808
0.0178,0.0152
0.0272,0.02315
0.0178,0.01526
0.0191,0.01586
0.0219,0.01832
0.0174,0.01518
0.0175,0.01527
0.0273,0.02311
0.0224,0.01783
0.0001,0.00011
0.0228,0.01793
0.0196,0.01604
0.0223,0.01789
0.0176,0.01477
0,0
0.0002,0.00017
0.0211,0.01677
0.0196,0.01582
0.0284,0.02502
0.2364,0.11935
0.0177,0.01516
0.0178,0.01516
0.0323,0.02907
0.0178,0.01514
0.0178,0.01521
0.2361,0.11906
0.0217,0.01812
0.022,0.01816
0.0177,0.01518
0.0271,0.02312
0.0178,0.01527
0.0191,0.01572
0.0219,0.01832
0.0174,0.01514
0.0173,0.01517
0.0271,0.02308
0.0223,0.01779
0.0002,0.00021
0.0227,0.01791
0.0195,0.01608
0.0222,0.01787
0.0175,0.01473
0.0002,0.00017
0,0
0.021,0.01677
0.0195,0.01574
0.0283,0.02503
0.2352,0.12232
0.0217,0.01716
0.0218,0.01722
0.0332,0.02945
0.0219,0.01723
0.0218,0.01724
0.2348,0.12203
0.0224,0.01892
0.0228,0.01891
0.0217,0.01718
0.0263,0.02325
0.0218,0.0172
0.0215,0.01709
0.0224,0.01898
0.0215,0.01711
0.0216,0.01712
0.0264,0.02322
0.023,0.01894
0.021,0.01684
0.0228,0.01887
0.0214,0.01724
0.0229,0.01897
0.0208,0.01718
0.0211,0.01682
0.021,0.01676
0,0
0.0224,0.01693
0.0277,0.025
0.2361,0.11854
0.0197,0.01712
0.0197,0.01699
0.0317,0.02871
0.0197,0.01704
0.0196,0.01702
0.2357,0.11824
0.0211,0.01789
0.021,0.0179
0.0196,0.01701
0.0274,0.02386
0.0196,0.01716
0.0201,0.01759
0.0216,0.01761
0.0195,0.01702
0.0195,0.01696
0.0275,0.02373
0.0217,0.01722
0.0196,0.01583
0.0217,0.01724
0.0191,0.01583
0.0218,0.01732
0.0207,0.01634
0.0196,0.01597
0.0195,0.01591
0.0224,0.01697
0,0
0.0281,0.02434
0.2351,0.1175
0.0295,0.02538
0.0294,0.02536
0.0347,0.03134
0.0295,0.02538
0.0294,0.02529
0.2347,0.11719
0.0281,0.02513
0.0285,0.02511
0.0295,0.02538
0.0186,0.0158
0.0293,0.02544
0.0306,0.02543
0.0285,0.02524
0.0292,0.02545
0.0292,0.02541
0.0186,0.01567
0.0293,0.02652
0.0283,0.02507
0.0292,0.02665
0.0293,0.02543
0.0293,0.02679
0.0284,0.02475
0.0284,0.0251
0.0283,0.02513
0.0277,0.02497
0.0281,0.02439
0,0
